Area of New York
lon=-74.19342041015625 lon=-73.839111328125
lat=40.78399658203125  lat=40.56976318359375
